# 63 iterations
# f(x) = 1.61257e-08
9.03239 8.55016
5.17486 3.23409
7.11873 6.07639
6.213 6.69264
8.00011 7.18897
7.0165 6.87906
7.2831 7.59924
8.79101 7.5116
9.23058 7.88496
8.87084 9.09673
5.75462 5.76891
7.6129 6.63981
6.44073 6.61034
6.76247 7.76066
8.51641 6.20433
6.95014 6.55898
9.29031 7.80563
8.98404 9.8496
5.03943 6.02966
9.13328 9.00302
9.03558 7.24582
5.08654 2.53785
9.64331 9.09469
9.84489 9.72053
8.51634 6.27798
8.22671 6.88344
6.19176 6.50102
7.85612 7.19531
8.31513 7.21711
9.5727 9.49018
5.68763 6.68992
7.34752 7.03868
9.74756 9.09252
7.80636 7.04463
8.56053 8.58134
7.74767 8.26724
9.82286 7.39328
5.84363 6.67762
6.53868 6.69882
9.05344 8.7296
9.71447 8.91564
7.2933 8.10223
6.66634 8.24375
6.1552 6.56113
9.05577 6.91582
5.18275 3.3519
8.10534 7.57995
8.34608 6.99378
9.16679 9.06859
8.14477 7.16483
7.47936 4.3246
8.20237 7.71103
8.23131 7.87849
7.12268 8.43292
8.04727 8.12659
6.74765 7.20997
5.34939 6.25727
9.23902 9.11289
9.60377 8.18177
8.66452 6.89963
1.76235 3.49588
1.05828 0.67879
1.20241 3.02952
1.71186 1.74236
1.61955 1.80395
1.91451 2.08744
1.26139 1.54084
1.58412 2.69292
1.08324 0.78431
1.56913 0.788626
1.39481 2.27163
1.02613 0.00837167
1.02779 1.36863
1.72808 3.35828
1.25717 1.74153
1.83894 1.58028
1.76463 1.60274
1.87824 1.63373
1.50816 1.54537
1.59799 0.702843
1.5072 1.58969
1.00403 1.05539
1.23846 1.0823
1.15346 1.90679
1.42856 3.85162
1.84792 1.64922
1.50299 0.944937
1.49844 1.28918
1.69572 1.10341
1.42374 1.18535
1.23135 2.93793
1.45807 0.515162
1.48202 1.73338
1.43376 2.09751
1.16992 1.12848
1.10157 2.45591
1.34827 2.82319
1.43132 1.32409
1.68569 1.09069
1.43151 3.99797
1.00044 2.46295
1.08051 4.02423
1.45765 0.910729
1.02823 2.92844
1.80859 0.126675
1.71482 2.16109
1.86717 1.62934
1.57322 3.19726
1.59306 2.70392
1.37533 1.4116
1.17121 0.0144026
1.10026 1.48111
1.37935 0.232622
1.40967 2.66574
1.25371 1.94108
1.80792 2.01983
1.25759 2.49666
1.7567 1.53101
1.30636 1.12309
1.95331 1.4955
